1000 0.400 3.133 0.733 1.533
2000 1.667 11.667 1.133 1.533
3000 2.733 26.800 1.867 2.333
4000 3.200 50.267 2.200 2.533
5000 3.267 73.600 2.800 1.467
6000 4.400 104.800 3.333 1.467
7000 5.067 148.867 4.067 1.933
8000 6.400 198.533 5.200 2.400
9000 7.067 249.533 5.467 2.333
10000 7.533 297.267 6.200 1.933
11000 8.533 370.200 7.267 1.933
12000 9.667 461.400 8.067 2.733
13000 10.467 520.533 8.000 1.933
14000 12.467 604.067 9.667 2.200
15000 11.533 666.267 9.533 2.000
16000 11.533 743.266 9.800 1.667
17000 12.533 844.000 10.733 2.200
18000 13.200 944.867 11.667 2.267
19000 13.467 1049.667 12.000 1.867
20000 14.467 1169.400 13.000 2.267
21000 15.067 1287.133 13.467 2.467
22000 15.933 1416.534 14.400 2.133
23000 18.067 1597.200 15.400 1.867
24000 18.000 1710.067 16.000 2.133
25000 17.933 1834.466 16.333 2.267
26000 18.800 1986.800 17.133 1.867
27000 19.467 2153.067 17.667 2.067
28000 21.200 2321.400 19.400 2.400
29000 21.533 2511.733 19.467 3.067
30000 21.267 2610.467 19.600 2.333
