1000 1.000 2.600 0.533 2.067
2000 1.800 11.200 1.067 1.733
3000 2.600 24.933 1.867 2.267
4000 2.933 40.467 2.533 2.400
5000 3.400 65.333 3.000 1.667
6000 4.267 92.733 3.467 2.000
7000 5.200 132.600 4.067 1.333
8000 5.600 163.267 5.400 2.267
9000 6.533 182.733 5.867 2.200
10000 7.000 261.133 6.533 2.400
11000 8.400 320.333 7.133 2.800
12000 8.467 369.400 7.867 2.733
13000 9.667 377.600 8.933 3.000
14000 11.400 544.000 10.200 3.667
15000 11.067 556.733 9.867 2.467
16000 11.533 630.333 10.800 2.333
17000 12.467 648.400 11.733 2.533
18000 14.467 772.733 12.933 2.800
19000 13.733 799.933 12.600 2.467
20000 14.400 984.333 13.533 2.667
21000 16.267 982.667 14.533 2.733
22000 15.667 1154.867 15.533 2.200
23000 16.267 1170.600 16.000 2.667
24000 17.467 1423.467 16.933 2.267
25000 18.867 1389.733 17.533 2.800
26000 18.600 1542.867 18.467 2.867
27000 19.200 1622.067 18.867 3.067
28000 20.200 1909.533 19.333 2.533
29000 20.733 1857.467 20.133 2.733
30000 22.467 2069.666 21.067 2.933
