1000 1.200 0.667 0.667 2.200
2000 1.933 0.667 1.200 2.400
3000 3.533 1.000 2.200 2.667
4000 4.533 1.133 3.000 2.200
5000 6.133 2.000 3.733 2.333
6000 6.867 2.400 4.933 2.867
7000 9.200 2.733 5.667 2.933
8000 9.000 3.533 6.733 2.667
9000 11.733 3.667 8.600 3.600
10000 12.800 4.067 8.800 2.800
11000 10.400 4.067 8.200 2.333
12000 13.467 5.133 10.200 3.200
13000 14.067 5.400 11.067 2.867
14000 13.533 5.467 11.667 2.333
15000 14.600 5.467 11.667 2.600
16000 15.133 6.133 12.533 2.933
17000 17.067 6.467 13.467 2.867
18000 17.600 6.800 14.133 3.267
19000 20.133 7.800 15.400 3.267
20000 19.600 7.600 15.800 2.800
21000 21.200 8.067 17.200 3.133
22000 21.333 8.200 18.067 3.267
23000 23.867 9.267 18.533 3.133
24000 22.933 9.600 19.867 3.467
25000 23.600 9.667 20.200 2.933
26000 25.400 10.200 21.467 3.200
27000 26.400 11.000 22.533 3.067
28000 27.667 11.200 23.400 3.267
29000 28.733 11.533 24.067 3.533
30000 30.400 11.933 24.933 3.467
