1000 0.867 3.133 1.067 1.267
2000 1.600 12.000 1.533 1.667
3000 2.267 26.400 2.000 2.200
4000 2.800 48.933 2.467 1.533
5000 3.800 76.200 2.867 2.333
6000 5.467 115.733 3.667 2.467
7000 5.333 147.533 4.267 1.733
8000 6.333 193.533 4.733 1.867
9000 6.733 242.867 5.533 2.267
10000 7.133 292.333 5.800 1.800
11000 8.867 359.800 6.933 1.733
12000 9.267 441.467 7.600 1.600
13000 10.400 516.067 8.800 2.533
14000 10.600 599.533 9.133 2.467
15000 13.733 714.933 10.400 2.267
16000 12.400 778.733 10.333 2.333
17000 12.933 873.466 10.933 1.933
18000 16.200 999.466 12.000 2.267
19000 13.867 1065.600 12.400 1.800
20000 14.867 1198.333 13.400 2.000
21000 18.600 1397.467 16.200 2.400
22000 16.933 1460.333 15.067 2.000
23000 15.667 1533.066 14.667 2.000
24000 16.733 1682.067 15.200 2.000
25000 22.467 2049.333 18.533 3.000
26000 25.600 2157.067 19.733 2.333
27000 23.800 2317.866 20.467 2.733
28000 19.733 2295.133 18.133 2.333
29000 20.800 2459.733 18.800 2.467
30000 22.067 2646.933 19.800 2.533
