1000 0.867 3.067 0.867 1.400
2000 1.333 12.933 1.400 1.800
3000 2.467 27.667 2.200 1.733
4000 3.000 47.933 2.000 1.733
5000 3.600 74.800 2.933 1.733
6000 4.400 105.333 3.600 1.467
7000 5.667 145.133 4.133 2.000
8000 5.733 188.800 5.200 1.867
9000 6.600 237.733 5.933 1.600
10000 7.467 295.067 6.333 2.133
11000 7.733 356.667 7.067 1.667
12000 8.333 424.067 7.933 2.067
13000 8.933 493.800 8.733 2.400
14000 9.667 574.800 8.867 2.267
15000 11.000 663.667 10.267 2.133
16000 11.800 765.467 11.333 2.333
17000 12.067 856.533 11.267 1.933
18000 13.667 1002.333 12.867 2.533
19000 20.600 1299.200 17.800 3.800
20000 16.933 1252.600 14.733 2.600
21000 14.733 1292.600 14.267 2.400
22000 19.000 1526.334 17.600 3.200
23000 16.800 1551.800 15.733 1.933
24000 16.933 1677.067 16.667 2.333
25000 18.200 1831.133 17.133 2.200
26000 18.333 1979.000 18.467 2.533
27000 18.867 2127.733 18.867 2.400
28000 21.133 2302.733 19.267 2.200
29000 20.867 2445.267 20.000 2.000
30000 21.200 2608.733 20.467 2.533
